[gd_scene load_steps=9 format=3 uid="uid://cy8q4vr35sft"]

[ext_resource type="Script" path="res://scripts/world.gd" id="1_snt1e"]
[ext_resource type="PackedScene" uid="uid://0q861r3s86yf" path="res://scenes/player.tscn" id="2_3wiuu"]
[ext_resource type="Texture2D" uid="uid://jh8ud5mofv5n" path="res://textures/tire_track_norm.png" id="4_1mwn7"]
[ext_resource type="PackedScene" uid="uid://yh2nto2qra2u" path="res://models/ground.blend" id="4_e3hwj"]
[ext_resource type="PackedScene" uid="uid://clg1fuo16tvss" path="res://scenes/levels/ground.tscn" id="4_uwh34"]
[ext_resource type="PackedScene" uid="uid://c7d1ifls68rb5" path="res://scenes/UIs/hud.tscn" id="5_hhwul"]
[ext_resource type="Texture2D" uid="uid://d1cgyfvv3qoi5" path="res://textures/tire_track_ao.png" id="5_l6ard"]
[ext_resource type="Texture2D" uid="uid://suw50gew01oi" path="res://textures/tire_track.png" id="14_0okxj"]

[node name="World" type="Node"]
script = ExtResource("1_snt1e")

[node name="WorldEnvironment" type="WorldEnvironment" parent="."]

[node name="Player" parent="." instance=ExtResource("2_3wiuu")]
transform = Transform3D(0.65, 0, 1.1365e-07, 0, 0.65, 0, -1.1365e-07, 0, 0.65, 0, 1.37571, 15.379)

[node name="CameraRig" type="Node3D" parent="Player"]
transform = Transform3D(1, 1.7108e-08, -1.74007e-07, 0, 0.995202, 0.0978444, 1.74846e-07, -0.0978444, 0.995202, -9.27929e-07, 4.40095, 5.30713)

[node name="Camera3D" type="Camera3D" parent="Player/CameraRig"]
transform = Transform3D(1, -4.01922e-13, -1.08028e-13, 7.97305e-14, 0.931507, 0.363723, 1.1076e-13, -0.363723, 0.931507, -7.48675e-13, -1.72868, -3.99537)
fov = 110.0
far = 140.0

[node name="RightTyreTrack" type="Decal" parent="Player"]
transform = Transform3D(1, 0, -1.74846e-07, 0, 1, 0, 1.74846e-07, 0, 1, 0.490295, -1.02106, -0.282267)
size = Vector3(1.038, 1, 2.675)
texture_albedo = ExtResource("14_0okxj")
texture_normal = ExtResource("4_1mwn7")
texture_orm = ExtResource("5_l6ard")
emission_energy = 0.0
modulate = Color(1, 0.847059, 0.611765, 1)
albedo_mix = 0.25
upper_fade = 0.504539
lower_fade = 2.16301
distance_fade_begin = 2.0
distance_fade_length = 12.0

[node name="LeftTyreTrack" type="Decal" parent="Player"]
transform = Transform3D(1, 0, -1.74846e-07, 0, 1, 0, 1.74846e-07, 0, 1, -0.514649, -1.02106, -0.282267)
size = Vector3(1.038, 1, 2.675)
texture_albedo = ExtResource("14_0okxj")
texture_normal = ExtResource("4_1mwn7")
texture_orm = ExtResource("5_l6ard")
emission_energy = 0.0
modulate = Color(1, 0.847059, 0.611765, 1)
albedo_mix = 0.25
upper_fade = 0.504539
lower_fade = 2.16301
distance_fade_begin = 2.0
distance_fade_length = 12.0

[node name="GroundMesh" parent="." instance=ExtResource("4_uwh34")]
transform = Transform3D(200, 0, 0, 0, 1, 0, 0, 0, 35, 0, -0.144253, 0)
skeleton = NodePath("../Ground")

[node name="Ground" parent="." instance=ExtResource("4_e3hwj")]
transform = Transform3D(1, 0, 0, 0, 1, 0, 0, 0, 1, 0, -0.840884, -29.7781)

[node name="Sun" type="DirectionalLight3D" parent="."]
transform = Transform3D(-0.167568, -0.939525, 0.298686, 0.692661, 0.103391, 0.713815, -0.701528, 0.3265, 0.633447, -25.4428, 12.2864, 20.2081)
light_color = Color(1, 0.945098, 0.72549, 1)
shadow_enabled = true
shadow_bias = 0.0
shadow_opacity = 0.54
shadow_blur = 3.443

[node name="HUD" parent="." instance=ExtResource("5_hhwul")]
anchors_preset = 15
anchor_bottom = 1.0
grow_vertical = 2
size_flags_horizontal = 0
size_flags_vertical = 0

[node name="ScoreTimer" type="Timer" parent="."]
autostart = true

[connection signal="coin_collected" from="Player" to="HUD" method="_on_player_coin_collected"]
[connection signal="hover_collected" from="Player" to="HUD" method="_on_player_hover_collected"]
[connection signal="hover_dropped" from="Player" to="HUD" method="_on_player_hover_dropped"]
[connection signal="hover_on" from="Player" to="HUD" method="_on_player_hover_on"]
[connection signal="score_one_second_elapsed" from="Player" to="HUD" method="_on_player_score_one_second_elapsed"]
[connection signal="shield_collected" from="Player" to="HUD" method="_on_player_shield_collected"]
[connection signal="shield_dropped" from="Player" to="HUD" method="_on_player_shield_dropped"]
[connection signal="shield_up" from="Player" to="HUD" method="_on_player_shield_up"]
[connection signal="timeout" from="ScoreTimer" to="Player" method="_on_score_timer_timeout"]
